# **************************************************************************** #
#                                                                              #
#                                                         :::      ::::::::    #
#    Makefile                                           :+:      :+:    :+:    #
#                                                     +:+ +:+         +:+      #
#    By: javmarti <javmarti@student.42madrid.com    +#+  +:+       +#+         #
#                                                 +#+#+#+#+#+   +#+            #
#    Created: 2023/09/01 11:37:28 by javmarti          #+#    #+#              #
#    Updated: 2023/12/01 12:01:58 by javmarti         ###   ########.fr        #
#                                                                              #
# **************************************************************************** #

NAME = PmergeMe

CPP = c++
FLAGS = -Wall -Wextra -Werror -std=c++98

CPPF = main.cpp PmergeMe.cpp
CPPO = ${CPPF:.cpp=.o}

RM = rm -rf
########################################################
.PHONY: all test re fclean clean
########################################################
all:		${NAME}

test:		${NAME}
		./${NAME}
		./${NAME} a
		./${NAME} 1+
		./${NAME} "-1" "2"
		./${NAME} 1
		./${NAME} 0 0 1
		./${NAME} 1 2 3 4 3 3 7
		./${NAME} 0 2
		./${NAME} 1 2 3 4 5 6 7 8 9
		./${NAME} `shuf -i 1-100 -n 10 | tr "\n" " "`
		@read a
		./${NAME} `shuf -i 1-100000 -n 3000 | tr "\n" " "`
		@read a
		./${NAME} `shuf -i 1-100000 -n 5000 | tr "\n" " "`
		@read a
		./${NAME} 6572690 945534833 224950431 1170675097 291181465 1919134389 1834781630 1457168137 721368171 1489662682 1396339648 579169520 1706234436 1333027461 1643131523 1619290288 351611985 1815118998 1699793751 458617016 657378829 1910098835 298080842 1912846690 1384123240 1416430376 1089102437 1541535278 1340699938 1745433642 876603074 1330046298 930848863 358472046 1148047287 90184314 1751794263 405377871 1367749613 1102788203 1777454211 27910860 946388974 1695596336 779623462 1333795487 1666442623 419440587 1496616255 153440474 1893670118 1206024686 1706237216 1379750921 945308941 723350881 453331300 2014663191 1069588888 2142315226 1181177780 716115592 1256396956 56938541 1335835672 1596093566 1326329085 732675735 409846247 1305817400 1737653107 1105653796 547351881 1670603866 1637974984 852685195 921695934 1144016927 1071400498 377789791 1551356805 1054863408 1611792271 1033975439 587531749 516296537 1561963479 1080090625 403866284 1732310668 1509594697 1386266821 936374244 881753692 1997137144 714576598 1160328562 343143127 1212943294 2023164934
		@read a
		./${NAME} 16404785 837314679 287471162 1837097631 1727491298 2114821693 806352754 1748923908 1555445267 1050167538 2145200120 275467357 1952609814 1815534091 86327214 1350023973 1688183656 748762228 192594576 679182803 1149786216 1399076606 1482066039 421095920 1400510575 1960462905 658448414 559261107 2112986077 19925700 2031274615 1084917946 2079755392 2005034772 306024280 126739395 1952717588 1479408062 845633068 508198030 741826091 1728540602 423121198 1079619569 1076762680 305669491 606251613 1608438323 498746225 799129334 603988200 74478031 1916784463 994280994 1310408851 1596758772 1769028092 144049529 826363734 918532189 1658045887 1029419337 1322536727 1419024239 1734484938 1545328588 670351698 901776124 1359219189 1613356384 1552218866 511137106 746752542 775540326 1428005439 210174401 1938041939 1786394724 2114741208 1601125006 2137878932 1782312167 71198766 489268783 425551518 1123818516 899123047 1866110637 1870295271 1334478558 261915038 1812050963 1674937034 1451085562 1570745202 498137443 1304748495 952435948 247873298 2035727953 770242067 426995953 1778117444 437449656 1379844711 374153824 571201552 932582374 1576304012 1583260292 385857667 1856678976 118675075 1707161109 1875235043 605364329 1728241664 1841321173 1845601341 767940919 406307163 1953974728 1133323572 1736809361 1957200303 1658471422 1738935141 1177962764 368432855 1055639684 1773761121 235172993 1182582871 709159912 316400134 567542166 1706307635 415799407 428846111 661468245 1921436843 1877420362 826798763 1787613651 1126410827 1518421084 1554981487 1845351666 866620488 1056447862 324423238 120381333 319468257 593877899 1949340884 561718756 469019880 1552138670 1310766581 1166675941 1796843277 1629912425 636725843 540230300 89792584 1610439094 1913449717 781779794 1068045412 1970917858 281184431 1402708417 244887753 1249797019 800947026 1089166586 472203874 1378434653 297629135 763458082 225193349 958430629 68745456 58676906 487765169 924114784 995439584 1455478158 235178529 1275626423 1124043360 383108861 754653121 416585465 755221035 1371581475 1080383427 1030022204 717504161 971756022 690326319 1607782339 211041372 1476838007 600391623 1903834155 234302785 1589382544 203331975 754021448 537475589 1036005041 339314211 1284861492 1719025459 1563386322 1371492809 1737657612 1181369331 1788029602 1674848343 2107939572 1102662045 1804600352 1006569483 1684613362 872373086 1103598333 360923592 1548991616 2105321178 44987027 182719045 57374105 66425232 1864861431 202242852 1776484010 901611829 745396771 1611417246 1173381205 675582034 761203749 991324264 1008771622 41257889 1931606089 993246124 1097217937 499790370 1168205173 1728841737 1189329849 288985867 1524940802 1610215916 309980718 50599804 27381616 641319654 439000485 1674823950 1697966421 1958936411 772467520 1322962525 2132960284 718973817 2049944297 1333650858 1383146667 35553494 547119792 2064851337 620685439 1532099794 1672310228 252030060 1031466536 1370071968 1479903042 574827340 1741659174 1863628808 960384561 696225875 1977372269 1386287758 1288262403 896078167 82936358 194482003 188913687 1091507143 1155239727 714439162 997925357 284192029 411800475 1938272691 1369676294 1272261065 397046276 925069503 2009016288 651370635 1862113686 1265532871 1132923009 1446997961 1589911899 510266872 1153115233 1515290503 478914148 341376480 1585678223 221834691 344040445 1261781391 358824412 627811708 1044218645 946403231 1935213735 1497410330 614557117 1612606996 1842156632 854775225 1689091792 979418451 623751702 1527174507 497390205 1630821311 879987316 226943123 302111189 931412015 1233433122 650836963 1482622970 1191500649 266399468 2019938328 1681986920 1826918979 306095247 1319481764 1613868626 1571535572 896984151 277423917 476775382 902358317 406718705 280826534 1829984479 288346219 1511795101 1861234850 1527321748 824586045 1105684224 1058755277 450441497 690384404 436533287 1010816457 49061382 2088410473 1442093143 759014359 701468533 2043895748 607419224 1905123577 430781869 983498246 473389563 1978956853 101103635 589228668 1119126759 1501658087 1139648665 668465062 1405339577 1517120933 1178180100 1873715360 833855912 138032662 632611474 109507221 94377868 1365895990 13717500 769272271 1307503757 15484148 396554149 1243825602 1371072916 1122966902 1618432078 960062044 1718133597 1606247217 180049682 290546751 1988914426 2101792227 863449686 1451869823 1866917947 406368912 844306524 1835293139 1464165312 211287811 1323770986 688378782 1087782685 835299884 784549949 381400263 2103017593 2130823225 1308645203 2019897894 1002412682 540735659 2140910356 1191847807 1806116680 721690415 463166649 1961133015 1183568949 102303682 1431065774 105617218 1287090504 527324497 77809910 2081099994 981440469 248069876 1044647105 1705079510 1249539002 759422601 1120340886 432654106 237930800 288404886 350327723 1705364034 1736566576 24196455 795409902 368520339 378499625 596634961 1042641684 212223468 2016972656 1230061497 1965994057 1278723257 1632924870 1874765077 1296580355 1109460376 100032531 1914536563 1868531340 1752861299 1159182747 412783245 1275818905 64121040 1793012133 1664384627 190440167 977252739 731852117 1599684050 1542051557 1427866503 22560696 1220495800 109114456 2083111101 422377466 1464617727 1372575775 611714351 1078879068 1516064255 598462130 1687100009 1863259922 1202968500 1880526642 1494439195 70815053 482655333 942447012 2015034059 860316423 330726110 826052334 2127283330 1943172054 2108891649 2071834655 2025194127 1969371186 56071891 1802434651 1114854775 569383350 438832418 997605528 1351276967 1272417344 876143782 53176595 385835013 1475933198 425652289 669993066 1316699041 2089283399 1080974896 233423452 1842818342 1238716960 1409472702 115592457 1437207911 257298721 1535022436 1401030441 2107916179 709495894 1668282314 1274356166 1249670431 820866157 862552371 1403082147 83716922 428519269 1610685692 1763055009 686174957 555317909 264166701 1001045358 1182441308 477394218 565716734 1091043069 1945482597 139998557 1461154034 1140345993 1651038523 1368253174 976203342 274505914 826022842 1631611286 1272195259 1438528481 977282241 1227692231 800446041 1259046279 1634437262 1523733657 649082724 2063899155 1797231741 1716375932 2129942620 1540702497 229051553 1378755847 1400969399 1081983285 1548199 250776829 1443249589 868049458 1450826535 1512245707 844635304 918647658 1451249723 34831835 1303098861 1144324721 1949526962 1541648055 1088659330 536686870 664906690 1729323489 696201125 1561399019 183145993 790638200 1774903411 106288200 1826866743 1575648442 1302513537 2044202488 1467831110 1692812681 1239374111 1716791324 521501376 992863025 1100923985 510313343 1934153330 855052671 2057159420 191655240 2071631827 763747578 795785327 235837373 1611399296 871695555 453753051 513097660 1485528915 639594383 1507141846 963389357 1805708366 301607958 1063543186 1463933121 603820968 1558777101 1213726754 158391625 1355802742 27706477 1806291187 1507145917 1031810654 711212253 450356969 1417205955 1239356808 1425979803 525048501 479850784 1051032203 1645239246 536568750 827147497 1206335048 480040409 2090575931 1329723750 1952235568 1968032510 1179264476 771469969 1736992044 732586190 1052347079 122040061 280422342 1479180476 1315562460 166635708 327668668 979232168 1787860615 982167481 1729542325 79210483 1998210288 1571038630 1134814545 1025788808 433777940 1946339662 1659788130 246526380 872913597 1598032122 1695385072 1523876708 905857234 1230958255 2005420234 342033173 1885299239 103098388 1902787634 1972777161 1465718894 552536721 765380219 318295203 205712144 2102816185 893242616 1817954582 2112813805 1419517490 1434619907 1857872080 843821180 120567472 1300422783 1264638362 1131295775 2015363534 2102835454 1217096699 962482418 1595170122 838391306 1202471975 2125365555 1923382334 215549247 2078765487 400086966 490338805 1229542096 1826356038 1582164095 1289427511 1150695500 1649027265 1924778320 55565832 1887035626 1369267286 840514550 380611884 1737633622 778169401 517712377 1735666242 2072152093 917923652 20299116 1864826386 1760725184 183511828 496776104 2047044039 1981138533 261377396 1365836457 1160630016 1114713211 337600849 405673769 2045940005 605508271 1999991211 1438240433 431026799 805069462 1655471734 715302806 480804536 2048356538 417989109 723945626 1859275927 815957592 2116162649 1868963776 430878563 461150657 290610176 907414754 1638393131 1438030883 1204087243 1355887420 1450889623 425082076 1823841410 121000592 2137419682 506148358 652727139 1038556297 268600863 364078447 885548426 1350722072 536231667 1604244457 879400714 1105341544 1741783458 1804986349 1051570121 2096092484 1704633200 190857773 1553505840 666472654 131193026 1642966160 987517994 1461301142 1465306502 63915318 482926126 1198697669 967630376 70070701 857233151 49781134 1300380455 553231666 1707902599 1452555591 507718841 1278031156 738201598 941228867 869023867 647849422 663145264 42324118 524364069 1861504042 1756664398 653358230 907884499 943462758 1906807905 821995154 510252127 905296018 388535531 1766382637 779043931 183552558 1181325214 1046555183 1561891751 2022041776 527415457 1606574630 1387912679 681022239 2000416010 2135386285 690583331 1632415729 1907566878 693152483 1862480453 987334899 531507124 1655745195 1016394539 1458088735 1161473228 254191766 856037279 1425596900 532048721 20947739 2028814912 546878918 163965666 549429361 79588227 1904502755 734044750 1944044882 1746126316 1780956757 913143013 1276478029 404599873 1176839109 810516093 855202130 274149539 1278879158 2105669330 1601410397 491994528 1139991146 2129575935 1820278643 371117739 1083328485 1135488129 1609296861 2043292509 1206199586 350814222 1292018139 1741707356 525940035 431477193 1932390479 1291586972 937534528 1055294057 259775426 211330431 2040085326 990166080 870525957 123672288 1943457767 468419099 44746991 443401287 477175519 1185009935 698635267 1669834320 1589117244 39402169 807291107 339953603 1293704601 21303132 1559454122 1855000466 1972728563 648932308 1683341090 964134052 1436895349 1446520128 1423609 304276346 813983715 1153466615 978516836 502693926 576146984 298595765 1977222963 1024385463 470078642 19398781 1765281570 1600763685 360124179 998159207 2067025332 651797405 444902488 2085540609 452929129 1697826135 1748633256 965424397 1648887294 1719769370 1181396617 99141757 1975683474 919997604 517472028 1991087893 2124030097 953176198 1951836813 1708608166 426118278 2059419248 1665362437 1592107308 901283936 1676950061 924291999 1826408442 315434476 1517597336 595150733 1867025452 65721800 779698042 439777900 1855935973 515925536 1769000613 1829693623 1842380368 320138883 1127670846 1220723947 1796097438 1979498234 610159514 716537373 1902819282 357201450 1267976785 1405596314 1537132398 355939776 1537858337 1819378314 271673765 470734833 310582683 1577890971 337992794 550642443 1140504578 21409324 1196739419 267577331 341445299 594835509 864022978 349770232 925547385 1450844474 1813746480 106720195 497472120 860083069 703712726 1107341853 1001238469 133090591 1323086410 2067611832 1919168317 257525879 1057899648 1102270423 1665060339 809713516 251192373 1984846656 306774894 2004890658 31383929 1336201188 1296870037 1683178456 378228061 327426107 1197476735 1922229108 160632688 366642937 1037258916 2085838513 1164834363 910212889 1422007842 340293031 556020056 1327733095 707551688 1204266777 78348064 388436037 94186979 305108214 1910287309 1318279713 738350292 1292845278 611047000 600129046 1785669810 668529845 346663811 255537166 1993338609 1297108263 1392075544 1926817590 2117322017 2027108929 1939193695 1816604993 905107952 1522677563 79180042 1486588401 1266506409 315306999 1522575044 503626856 1223515965 1476903730 1704998084 2028495867 1627140544 1294362110 334638660 12287127 351313377 1091381636 1193327225 900891242 1519392944 709163331 373863267 2130260994 449163374 683807613 1569556594 1996039257 1589742612 1960027557 1931489166 1175604910 1542169970 1270550147 1706418508 131758271 405620640 1153000902 1741213033 807787962 100661000 1739796811 627664925 724720411 1996185540 1900837346 1406541450 242163974 568399953 1090748215 1284838713 1336178806 920695763 1514012106 467732239 1385592853 346412303 323409504 262423171 1762307706 1011155318 1449330915 2145164131 1818083881 2138458451 784869765 1461580481 1865189781 1425854008 558295583 917809738 253230165 1874278448 1707741340 889759225 1254660514 937328905 1894355590 1989334355 569604342 2005561315 565697893 774382382 1293793454 1514655503 543887383 1424844449 770506646 578807912 2071139721 1082856624 1794854890 423346821 576698036 970192141 175982116 646441693 625764078 989439587 1545259988 1664875145 1992125252 231569987 756403145 1911951422 1369739493 186963011 518750316 2000437839 354782641 1417243215 1865585628 1636403596 212170843 1132504281 851887406 398158093 284024999 1899494559 313156811 1891587327 560294701 157247612 1455729074 157356447 1137435272 2122674557 1792935535 377002041 1196544437 1285482151 1413023037 1804014333 1894766385 303631332 710651652 1765754197 954271086 1026266606 2021677985 855631061 1040741915 495060590 1131687652 11705685 1316435918 1961942432 1902538586 2081994719 986698015 564815971 984304857 1145198758 1607081292 1313446325 1107976762 934735797 1261662374 505989340 127595260 1304855114 596897834 1165780901 1786291526 380292422 663403082 80503950 115190040 1116236333 166908539 618171991 90768551 833647287 926639581 480029823 1912657029 343974460 152771496 1387575107 1449900576 982038323 1706267466 1888162671 984159778 854339652 810867322 315856992 28889160 208807898 446062488 106824139 96975281 2070943341 2077265258 955541927 910454823 1193225286 1335086116 1883207756 1458765606 1800225890 499430647 1564791653 1368570809 2019727493 285966722 174294668 202790568 244528587 1655744998 1013083560 1645039504 1474472250 1641303017 952361004 1135773137 2104459023 587133471 264889132 258041293 1130528158 1998926497 723461411 163525363 1739191428 1190411079 1281349301 671689791 1916268705 915870876 2026514883 544997161 749530472 219569602 929395268 1697704645 1854234473 1983586094 595345830 851053437 1414026639 1491683971 1008405519 330615709 1118026374 187356568 690811874 1178570636 1995002971 1352752986 310064913 1465665169 1797064293 1049561043 541773243 252231821 127496369 1790277724 804329151 2097966639 991301580 627521634 463912221 1607059737 951171440 470123812 778570971 824448426 940205338 846441140 1204562252 749429095 663210010 1130510140 1696097971 620668319 1244363954 1829220392 331237892 837637820 1423534655 231635358 1855093542 1389573248 672918011 1084125775 1650639277 1100576593 1114146940 1557702387 330877732 1226879641 28147793 633554611 928425251 427014455 2089080558 1966793503 1830110297 255485698 1128315933 1325282921 329666563 198115081 1120513517 1186579676 1311468490 78758622 846233402 2008076980 2044290255 795447432 999287049 1695313003 312613025 1342110613 1832328250 1025399770 337667215 1521087131 1266076829 1685290527 1516067006 644698187 1387429794 1155108632 658609144 1113166570 113009326 972198134 1678451762 393576942 598031434 890843278 146986462 795272784 211461760 2099848182 402140076 637220223 259340372 1489312441 1952290102 737101801 1784293511 1159392669 1793458652 579094872 451625500 1262570002 728107607 942730243 332846535 2104296957 10773856 687571444 403754801 2006099534 1021610038 1068150901 1596387834 1977124067 1509724038 1412617361 1428268742 340540628 422415541 2104544252 2019577274 2056203283 1301729857 1757794610 321478491 20142385 1378132116 1655340717 660783734 1154278701 1742344356 494580800 1657791710 1052433792 1579425452 358211197 1058925438 1162853777 1982242339 1633175662 1794858927 491196680 615461692 1783413492 1401298865 176867406 493125194 815741785 636578047 203706575 607472707 656528711 507067491 1068209941 441189467 1957822425 1377057641 776508568 521379557 1092934739 1526525582 328325965 1289004612 485482948 1221532083 346053661 738164351 315218538 35811017 580341559 2077341086 82499476 1441740817 1279922218 309025927 1183296643 1968107681 295179826 400111012 894479927 1138604089 292145406 940221600 1119756574 1349540557 5861885 1883937080 831612192 1082536268 705598892 595879110 1223955809 279427250 1934538408 884607676 571922351 162149285 86284952 639726539 1580804091 2054160400 1326733628 1089378995 1894678290 970502314 1094092433 1656535817 1419476611 747566554 1571738128 6375549 1927153340 1317821326 1624174571 837377780 1348009669 46031033 549458711 572873677 1118699838 768847781 615551268 1141433677 604390688 396642906 588080854 1155169684 1684710108 350899461 577146365 2062806703 616260153 170761990 958613538 995413372 1014933074 517566597 1433025429 829284098 608966056 2132925237 129938888 2039505264 1978482281 714906619 264540568 842177086 405567025 251893597 885416542 1281631331 1116800707 1062407769 1708332425 86706585 1283661429 876919441 204775526 1393462988 1623268781 646150779 31339774 594088103 1187272218 66120002 1029828115 1750417632 890660771 1374558607 1724917070 1799444637 253813358 938584964 1530102733 319960706 280533654 1202517613 744919774 36979608 893497673 1809730287 1326041148 188285870 1277205059 1886374848 1000989675 246577127 1725818426 1916149400 1058195388 1777805309 1633847652 204092975 659246566 1088899889 284794689 1950772507 1000686400 1591885143 1462324075 1477872257 803162197 1812323584 1961910887 1372361771 1309916417 1910355122 310529157 678279489 1000173347 1558937960 1769800320 237983643 1176537187 31080333 528630510 553133931 65270454 1783860408 322681489 911576948 725427338 992605747 1071819933 984782895 589648836 1738439394 1435877523 1519787722 901746236 856891573 751330629 410037243 220919878 1163883 234028758 1278778049 406330367 196480709 1568910724 1878320402 921385514 221755281 1156880222 368951216 1177798423 1901320962 944740974 1914947747 189366240 107630826 770061808 1692350234 2056961970 1168080384 1778996661 182064246 1937069194 469855038 556253647 958729738 800903125 351322479 1244358950 1745118164 2016815269 732341835 1240439888 301952540 412481919 506400117 589073358 656315236 1214160460 1005237426 771567833 1234308645 333366495 105846442 844690978 1854360576 1955515568 1260417688 1061388208 1752439874 518743713 1889461218 1334002737 854726079 863094970 1932608952 668495389 1915045466 1831729473 1699172966 762501756 1332091443 943862526 35774093 2107243538 141836842 144955324 1017674770 1500094682 633304594 1021356826 1107384111 1711468675 1258052807 2117022534 1288665442 1227503699 1926756011 1082363764 2101291458 1036959691 1351731232 317314611 904771576 164173425 1893751227 421740002 1488178514 74248189 201313616 1191200087 1657304875 1460132535 1151881476 106889427 1194270697 1725439617 1991957478 1706759663 1570583062 2068017757 151615204 1281128286 1252057980 146212907 679035781 826271109 1509267461 181378663 1151893948 316506331 204911498 1531260745 455315567 1004500308 1267727489 1510645736 1871210118 1677926558 156407902 227624986 1024764395 396337825 1903035428 1842483625 2055579282 1551563285 230205474 1445353271 1864894480 757697395 42091055 902241522 591228787 375388440 1994039841 197812605 331766679 1135026341 290476886 814693371 195753125 77824671 181704474 185348484 1300682438 1333692653 2085595232 1370977890 1673348567 523524457 635047040 241875690 18178059 575959739 1446536344 273965921 340295079 590440792 16458357 1737699283 1881733828 308777827 1308447237 840166979 981437028 190236989 1857407387 1623660517 787606790 218119422 178540125 689226016 294858994 1450338529 1900263453 351056387 1067118000 1416289903 875656373 451228120 1026255283 1831372324 2139020664 1644049068 2008083574 7631966 1568917389 1990339057 275761680 456845534 948851913 140539169 1957285330 940036564 157340169 863850926 1753059562 196421694 577045619 369568681 818114443 1859135407 601721599 634420670 451893335 1469105553 1637539712 2127003279 1531322191 1488038489 2015815308 1105866484 1974515450 616371059 2034759132 1667136696 1347307263 1125595273 696306888 1191474113 1967892563 974658894 86772142 237994281 1355330053 673157042 806552498 811054022 1306240245 254474434 1311871061 402318478 1488138990 1557451968 417052893 21348843 180235252 1261938094 845048086 1413823791 229901282 627765621 269634436 555470682 684338865 1908374370 1379768645 1243196209 1530283000 1202224528 114007473 568185587 1782866147 792006038 1141836560 933194328 1123996655 1745621573 1887675744 1390312277 208876532 1599594126 30698889 560152143 2056242600 1962530676 1051737259 610213556 1624821267 968979217 1265204918 2063467879 991226950 1520698871 1183041950 1982449724 823728063 1717966279 941617238 953924323 1640671806 1081015962 923619714 1264732682 569048368 1251240885 1445682771 960350039 116014621 2090067318 1371399647 171883878 486832331 278292047 35050763 687654463 1799055134 149887378 158844115 370867584 1173940694 1488979069 644274192 703796770 372385714 919347840 334306715 875738453 1830746680 213756544 2013577224 2145094342 645140158 225701803 914082419 2032689142 1236553118 1549002207 135840468 295628915 1505498894 1267582504 1221366488 1857865790 738105150 1467710978 1821237804 1459351137 903827172 1471444573 147259559 1090246769 1446970379 1126341225 348620270 925488874 467450097 938599553 1775300056 330249774 1410207770 1732462098 1907195060 886458298 1610555247 1718149541 1874218025 692211979 1087815254 1382687067 900990882 1046558777 1622296109 1478321651 1913676214 293547579 884223094 550703618 21189156 1791343137 1530856266 99687955 418215025 225948544 766091112 1528855619 834552178 1102757089 1254521213 743580645 1152558622 750264014 1810791761 1986365490 64014168 2144298076 147199378 78784702 1284559962 946178043 297962666 2074146305 74906384 526178746 148525676 895038718 1940269838 575987571 1914308768 187464422 356030405 913576293 2116164048 1892476769 476760866 658387905 1689769991 1640490809 186483030 1041644237 628000915 2076737047 667834238 1540498844 1101222876 1238807086 776736737 61248646 761326409 905387237 1921653264 1219840815 1985683443 1485752121 96050331 1557694220 193614963 648957936 2114070886 1072441387 692142038 2059800514 1630849158 1348011845 82603065 1035277493 996316857 1167419940 1416332588 1593063168 1934037427 1054554597 716573088 355597640 82545879 74152391 738720277 1068732232 629399716 1964065337 1074980922 424433843 1666407614 1978527971 1482818449 181948908 2146067075 1961478160 541970023 1412029634 140275641 1823137528 1175757700 1962627853 537507451 1571509675 461733272 1492685893 667839397 1627206157 249636154 1599277687 1154759557 1234156560 2072241194 267960512 339117425 124962837 11394693 384560668 1532853253 1450793759 961379475 237876297 1519856612 2059580466 79986069 1098661 1285326251 940295384 212360615 27034991 1258044220 1972700825 182739742 405228584 1006166651 1356666879 1666355154 1096832751 468420209 63402761 458315215 2027460363 1403293992 1496712190 1765820019 2060541440 1198690558 848115799 1433268654 622199379 1207085610 209834061 512914853 560575313 578526202 1631407045 2134484066 559374127 1865029570 880671378 986554922 307335567 690703534 1505183903 268496061 750154880 2124060270 1460293809 1714929947 1449592842 104920279 311054966 925616764 469413680 1728284329 410908181 1973872962 555493478 1067471237 910693221 905013178 2077294592 1448558465 2047498863 1035430913 1427363150 152641413 1348753773 1814768726 107739541 449751166 1972893169 1267981703 1488253140 1328487371 499766538 767660749 2139940914 2078305289 1255473768 1720787001 1104851658 2098204044 686400121 44681963 1497959338 1251799985 105058236 482214618 2125284595 562687614 1720230757 345993338 1871799337 843512056 1367571345 254121574 1823803982 1639431843 1715794291 944236921 2033263564 153445437 1977083259 823863982 1854873265 1982345003 1211165863 67169528 1489342421 308680315 1817046700 1886426560 1870113259 422886521 1430370524 1305452350 2044708698 1385767992 1142489829 1175268176 177648926 743229952 1700912312 2078402567 742941467 1147312211 620663864 1169488769 1827403239 2002602126 222732251 396945836 1384458070 601467245 654460286 102786868 962038288 573128153 1100710676 1220196274 1517431915 2109887280 1625535696 91485538 2146629561 677762127 894804801 156310466 737501781 2064306430 52368078 1829475323 320895915 966205788 1896823949 525371128 1607275479 282179940 954359004 356420785 1032242012 1518595218 186684331 129942850 2106094598 158955085 88456727 633526965 463778929 1514304740 1091064583 159584748 2081268180 1660658924 1997059256 1552996629 698097965 1229334194 479630771 1648241006 1595025189 549986022 845455066 1811485710 764664451 1173284309 1194534609 1866041307 705065961 228842381 10685690 1353249129 58805726 505359262 275292549 1162095405 2121186017 397363872 1967938181 1741360620 1140799024 675195952 714774516 191769094 1837692358 985649752 126528906 562512612 926455790 1686021780 921334295 1508401195 654431530 1766968423 2034414645 172310981 1222701511 673277234 679135795 359722760 693961015 419092248 2084533623 708384603 170683653 1789487226 403331147 1328197697 2073666561 601783564 1675866425 2038974570 1649042811 38576295 1959212318 1114669175 1744971444 1698375876 250712008 353803042 2132991998 1251991015 1168215799 1907432919 589187217 422459802 700955232 2006780429 1727994068 1974942495 1351265433 1078565406 539314315 1874701865 234176271 1610545393 1552533363 1501920891 1261628199 2079093762 1622437597 1708826820 1953552409 477859080 1936201427 917680598 230257832 177850530 1984104733 722176915 49837561 101265397 1160478955 723314631 1991561197 1488915837 1729017615 1997827748 1584139791 135211831 467545091 387680064 273450650 270069970 1433039679 1068783848 1496909828 792554591 1771432243 1895909740 192645994 1543365129 2030234637 785876876 1208225882 47032742 205312698 1831778204 370711236 693683505 49948972 1973750074 637598509 174742233 1282564582 1769564735 573473842 468254758 1577635098 332502577 618362145 1139203182 1771166869 1730736216 817583697 1528821973 269063856 1703150857 1046922736 1296904081 107872317 533833751 2104659538 1809705429 908252742 690071918 1627032026 1617983731 2014628603 488268372 791513017 1445567201 1165448696 497889385 1430604983 951037469 365956862 243814626 393620706 1333572982 74284735 815542238 1577758912 265960828 1090166789 102746519 283892645 1822504528 1274344935 1060911014 174691257 425810950 1189124846 1138467740 148011410 841704644 1055168919 304064707 1551934336 24008690 1934610841 2101989107 2024928199 1794886584 956027879 487915499 1303227447 1157985976 1773489518 2112792313 1058301446 1412838468 849446797 181031923 1766685709 1577807741 1086629831 786635529 1074004971 1201494562 730370793 325391699 1364919831 787282363 1207925774 1445568527 1187734778 1397914981 1285987487 1316270601 1330943260 973703668 1212157936 1708554910 1678528333 1680505739 555030029 1868218482 789624187 1912256096 47944470 496339665 1154264707 1507147198 1053340421 1784753526 300930186 409647417 111565237 323714428 1092313545 1823536259 1434778676 231335369 1108145713 1626811607 60885245 1096096743 983235635 354653780 1398960035 1670340889 1513087839 2113445946 1306493042 208266319 2081162470 2031474601 151115354 1470083924 901151933 1605859287 102561113 1462741297 2047671470 1788953115 16462158 1801582690 1828331777 428671116 2015294574 943824734 1548087596 1943842567 493301758 1635769286 288740908 1702882183 826286112 1761422882 1172303879 1896316775 591232298 434397817 1627194166 48103417 1020278247 159576034 1934811982 1187598600 1256654982 98614229 1699454966 1207108462 593907625 301462119 759910760 734894611 1195273180 1394302222 695889090 611994068 1485115393 131981070 2002719786 52760224 1977822204 358410715 117257170 1498751891 1687336374 1540879183 1051129508 1133160734 1147474742 1204838734 1101294775 299729932 1711814909 634756704 1804649479 1832246972 1806844071 62049070 1329150695 910834771 1136560381 303283402 1305443083 1888958229 1470201202 724759632 507889240 1994443502 539692091 1781532156 1993939418 657486891 1578813222 805879822 242806725 633697775 1187098952 1449005634 973133658 221934454 2020757186 412147797 1333262604 1300212630 2027564185 1000746699 457846789 597075522 2004699470 1113054507 377050132 2004809874 821130888 1016918994 1682669332 411315581 231110174 1618260642 226220839 1047585883 1704997475 2018260404 1398405663 942945273 1799372098 1182134032 1755457427 1842633103 272888734 1563365993 1029823306 1669592769 1824336881 2005930748 332307383 1632703881 308086601 428430090 111854239 886003748 413384338 640970721 1016934495 1943194639 340994097 1601418083 621173130 1138787843 1233015237 69894709 46819254 912187176 244111099 1081475123 50804053 1312710912 1632792353 1795035505 1311459479 2074794392 229886358 376937953 119417421 1298868449 910750588 1869180347 1923303713 1041649747 720607485 1589714962 1495314007 1888878455 129439584 90153877 1240239604 1230746646 596391418 1244381777 2128771553 1185932251 1167614750 395536964 1327866483 801920157 264710127 1544471552 1298533175 1718251411 1438863468 164957809 44507586 714688746 897716351 1846091082 409083318 1368171579 1752319824 648547010 1650088545 434358457 965670646 1492626943 1824550394 1299476445 391921125 686002526 1952237386 1998587636 1470675525 106771705 1363200690 1958450634 1197948069 1254005058 658498148 1395140445 1899001169 610685669 969689870 324248007 1470241210 1397174088 1718700718 400431629 1988122552 1677667791 102278227 1003243589 1620887726 1429948687 658088832 958217374 779535965 2010717055 1318874193 2139841064 400126339 1152080816 1309713160 641698370 361629356 525865282 1322587169 119319286 1796997151 2068589096 1164175189 568893706 799320298 1666036501 36199074 659964617 272281164 2089355238 140889322 1399855860 1694086135 1167479019 261789694 1852878002 660214467 176542820 1480259233 118878536 831762842 1467027171 1065911790 470871256 455960397 1104739883 219601619 1467504987 506630714 169749843 1127328085 1902390761 1744983591 1902530505 1946177352 1079327607 464724640 229000341 518035763 728363803 953649121 1310319086 88078417 717721736 333571753 1408134001 1238364867 1934296592 1115373458 696953943 1329109263 214487147 1407919963 1935995495 1751548768 574310700 1648425282 397184627 1102851113 687298934 118646525 1227321259 1007970578 1610496910 737679582 757640543 1234063138 502097640 1291786417 2142122996 97851817 1770498364 1232590916 1528266250 1666445630 469979236 496165786 379364001 91816864 1272774702 439808747 226897855 1688775560 2106958168 1788074193 276805633 822694429 1525548817 1091705786 198865334 845113806 370896184 1654620894 1447620455 1314750322 1549417871 679454375 1419129526 1356559900 2015842748 1567050564 679382340 208437281 659553510 1952740403 1862859767 920014356 799022892 962501153 1910049267 1612475113 1773082698 1717819514 622421530 645810173 749225673 1539263750 1817834488 94393947 1636135743 5332766 1580968635 524684114 798049416 1781159197 20584799 223849626 1996798285 1461824326 1668525402 1064968888 1803386518 2080497915 1599716951 2095018664 836809636 389148049 1323554428 1343655770 2031978185 24917054 21615413 365509948 1322465616 223861662 51603690 1867308089 521034565 1737105136 485839787 776474215 2091492333 1699306635 861592992 311184823 960639716 689648666 955886603 260973414 1018561924 1378106431 1223652922 1631256382 1749774672 821850286 222939298 1729301118 320211728 204493114 941931798 1945766949 624135327 1532308941 892476563 1827803693 143097916 2012473219 769951483 1985601606 110317662 830557873 542466011 1158165362 493462726 46191168 1093364009 151331884 814336340 637584049 2079196660 1204360636 1655836277 399726066 867143446 1255868380 1910579944 1941628864 1942301083 355383934 785756431 1331390414 2046570005 456500036 1584517968 48781729 1683249796 1577239441 125146319 947693020 2137860988 1480727359 1544221277 1387128544 386967176 1176843916 891307342 1504059169 692444546 701601529 2131675873 606714610 800094314 1790021531 793460694 1967919835 1433019398 727921081 2102755055 2013314353 2021988739 1783506245 812714889 1303144503 1911429815 1193025232 120262185 464431468 1744109478 96215196 33612981 145172506 372885350 726795504 365051592 61327265 2082675942 1698594741 1781692416 392461944 1185612871 94762384 1386005461 838664018 1490975265 1982085659 1147338549 1063326630 2119243723 2112966966 1846210770 273195887 283235523 1515673309 470283649 1317467783 2124628311 269940661 1407226963 1026162730 275834053 1673218545 485728350 1051036203 1712467246 861166428 1731858263 348474803 628108652 1739989159 1712974114 790162316 219171964 688744343 789315471 1018633578 434911562 1671771793 1939971250 2000069996 614896281 870485403 1589564857 1119982919 858753678 1982958306 781531149 1184036191 1512789035 1386414412 1269452534 438705993 1020264200 2070971752 407285288 1213452427 1990228677 568088667 153931707 1559888561 566682151 136937412 1552097547 619612320 676057937 169770882 1480930558 664419576 2132333079 914957617 1709756399 397117486 2121895973 1592176129 2057958483 736605199 2027838285 1312578105 1548188751 1496471005 2007191018 38828803 1908146980 1852992209 432207869 1327960129 228344832 238314235 290345990 762207946 688994067 691459445 1324878198 2117421690 1554829393 1436591455 633940964 979409181 467950812 764181970 1654160730 156095048 1411938749 760255093 79648401 768363526 1066612071 1503075788 1344629255 1213471404 161691469 981706028 416352695 1138022939 1262175591 541692871 1048903264 223899825 693009231 1602327736 877325572 588168302 477424573 1075893219 725023993 656037273 837403613 1782184900 79705944 1735488727 1236141135 1067254867 1569129925 1267464315 1382447612 1171437991 228239041 607768545 1333710683 241141795 568506676 736958029 1515401154 191141858 2033155141 478663723 427450799 832779578 1375439947 1505212921 756201587 671849763 309950815 1695503730 1370678067 929190700 407013916 947470517 545736714 294295861 575696786 1322052567 1871681707 1013988293 1818501506 567547238 1791552739 758669786 1352681063 1248738699 193631962 934660129 2137393945 73586599 1966872368 1008110705 1818127752 728314701 128391807 1807518661 662464965 1493440707 469096413 690945154 1271123949 612890487 1518843997 72945690 1932533040 1540126052 1278158673 733896170 1594344469 1994026864 2127191813 405045835 82187855 499293964 1415044119 1412601155 1155894500 981790738 1840073665 206087208 1964065892 1084308807 431890807 294066389 1013928176 808115087 1303683581 234295526 1467380531 562382369 884945336 1952006677 268545120 1574689493 217843223 1978914473 1536306622 1509508073 2077860900 229078786 1836460878 1763001862 1940416975 901435483 2076516843 1261832904 1224603403 426121373 2111436913 1900413763 729832910 2022610353 1493554508 234266173 974044660 500759539 277159380 325669317 1735878263 1340621746 431260698 441242661 704370336 1422374888 66784212 1455787350 1136801179 55408094 1383416707 279148480 1544218312 1337295789 366476221 382746751 1111121292 97760332 232909969 1802644149 340920367 362237973 17472966 1610363570 644117849 223623616 345731862 1772139499 897859450 2103672328 250052488 6668637 410632415 1634041094 1307789022 514965709 669573753 711756391 1005749747 792212292 313380244 1351858464 308219188 509336152 542889722 1837025198 510109867 661815845 1321099102 879180981 1707256307 1327744182 893890897 1976195114 929196496 504427288 1791474707 1594669609 1016203903 401553130 1509837036 1164291100 369526236 104741328 1598392803 1314899698 1912496656 1943552743 2064680731 2048277691 1240291227 2098374407 1402207415 414481727 1904918468 1278482200 1876447165 1650145960 1399332362 1485589837 1663510437 530314366 936414312 1555176568 829110739 1990288637 1575836387 166337858 1764154659 1988123331 1690760444 1107165204 179782373 92851682 1485091652 1880449730 201779211 426520664 232386162 1588954488 1598929371 1743063486 1843580475 1162984409 2030290716 1728396629 150850634 1315902178 1581308840 1947542255 396932211 1155462695 166895044 391361526 2018240368 1061660611 2035749801 1137441403 78234627 629384025 1700346700 1162096271 2135740879 207793748 581112614 4076942 1949171137 2003748221 157798093 2117728653 271505593 1939235323 368763142 164322352 101800022 1555986742 1560803275 907894820 1116927805 1051060208 2115919281 2073645094 240987695 126031623 794611819 1987524887 222646724 1106977194 1314865597 1339361149 719243389 138189960 1128835313 1464567993 536696437 825699259 488119099 430165353 1359132069 149130544 323636959 1937775709 1606834408 1459034231 2020038971 1226010174 447401453 1135972424 1158908338 95758476 947454529 277026398 238124490 1396269069 1540431914 2123814013 1616419704 1497830578 1235214312 522526235 1037799062 426654100 327561367 1323307908 1495361424 538332327 402815078 1244560602 839316034

${NAME}:	${CPPO}
		@${CPP} ${FLAGS} ${CPPO} -o ${NAME}

%.o: 		%.cpp
		@$(CPP) $(FLAGS) -c $< -o $@

re:			fclean all

fclean:		clean
		@${RM} ${NAME}

clean:
		@${RM} ${CPPO}
########################################################